0 0.161328125 0.5993055555555555 0.32265625 0.49583333333333335
2 0.976953125 0.5583333333333333 0.04609375 0.31666666666666665
2 0.94140625 0.5395833333333333 0.0390625 0.2652777777777778
1 0.80703125 0.5381944444444444 0.053125 0.1375
1 0.692578125 0.5055555555555555 0.02578125 0.07222222222222222
1 0.63515625 0.4909722222222222 0.0203125 0.059722222222222225
1 0.552734375 0.4951388888888889 0.03515625 0.0875
1 0.657421875 0.48055555555555557 0.01328125 0.041666666666666664
1 0.619921875 0.48333333333333334 0.01484375 0.03333333333333333
1 0.59296875 0.4777777777777778 0.0109375 0.03611111111111111
1 0.611328125 0.4777777777777778 0.01328125 0.04722222222222222