2 0.21484375 0.6347222222222222 0.2359375 0.5611111111111111
2 0.438671875 0.5138888888888888 0.03984375 0.11944444444444445
2 0.5015625 0.55 0.06875 0.24722222222222223
1 0.56796875 0.5368055555555555 0.034375 0.1125
1 0.746875 0.54375 0.046875 0.19305555555555556
0 0.675 0.49375 0.0859375 0.10694444444444444
1 0.78203125 0.5215277777777778 0.0359375 0.14027777777777778
1 0.948828125 0.5388888888888889 0.10234375 0.2111111111111111
2 0.750390625 0.4548611111111111 0.03671875 0.1486111111111111
1 0.500390625 0.5951388888888889 0.07734375 0.20694444444444443
0 0.56875 0.4888888888888889 0.0765625 0.11666666666666667
1 0.241015625 0.7520833333333333 0.25078125 0.42916666666666664
1 0.08515625 0.7673611111111112 0.0625 0.37916666666666665