2 0.235546875 0.64375 0.16640625 0.4930555555555556
1 0.5609375 0.7208333333333333 0.1109375 0.31666666666666665
1 0.39609375 0.5208333333333334 0.0609375 0.075
2 0.575 0.5368055555555555 0.0921875 0.3458333333333333
0 0.504296875 0.50625 0.07890625 0.15416666666666667
2 0.61015625 0.55 0.08125 0.30833333333333335
1 0.63515625 0.5840277777777778 0.08125 0.22361111111111112
1 0.74609375 0.525 0.046875 0.13055555555555556
1 0.223046875 0.7569444444444444 0.19921875 0.4
1 0.95703125 0.5166666666666667 0.0859375 0.1388888888888889
1 0.877734375 0.5118055555555555 0.10234375 0.13194444444444445
1 0.819921875 0.50625 0.09140625 0.10694444444444444