2 0.484375 0.5305555555555556 0.103125 0.29444444444444445
2 0.569921875 0.5513888888888889 0.09921875 0.29444444444444445
2 0.11171875 0.6833333333333333 0.221875 0.5972222222222222
1 0.316015625 0.5951388888888889 0.05859375 0.1375
1 0.7796875 0.5076388888888889 0.0421875 0.09861111111111111
1 0.8375 0.5104166666666666 0.103125 0.10694444444444444
1 0.941015625 0.5069444444444444 0.10234375 0.13055555555555556
1 0.690234375 0.49375 0.03828125 0.09305555555555556
2 0.690234375 0.49375 0.03828125 0.09305555555555556
1 0.484375 0.6944444444444444 0.13125 0.4111111111111111
1 0.580078125 0.5979166666666667 0.08046875 0.24305555555555555
1 0.121484375 0.7777777777777778 0.24296875 0.38333333333333336