2 0.3578125 0.5930555555555556 0.09375 0.33055555555555555
2 0.715234375 0.5347222222222222 0.13359375 0.35555555555555557
1 0.85 0.5194444444444445 0.0734375 0.12222222222222222
0 0.62109375 0.47708333333333336 0.0546875 0.08194444444444444
0 0.51640625 0.5 0.0734375 0.15555555555555556
1 0.708203125 0.6847222222222222 0.12578125 0.38333333333333336
1 0.558203125 0.55 0.04140625 0.11944444444444445
2 0.558984375 0.48125 0.03515625 0.12638888888888888
1 0.357421875 0.7090277777777778 0.11171875 0.27361111111111114
1 0.2515625 0.6458333333333334 0.0734375 0.21388888888888888
2 0.268359375 0.5736111111111111 0.05234375 0.24722222222222223