0 0.719140625 0.6069444444444444 0.36796875 0.41388888888888886
2 0.503515625 0.5111111111111111 0.01953125 0.06111111111111111
1 0.114453125 0.7576388888888889 0.13046875 0.40694444444444444
1 0.35703125 0.5430555555555555 0.0265625 0.06111111111111111
1 0.507421875 0.5347222222222222 0.03046875 0.05555555555555555
2 0.47421875 0.51875 0.015625 0.08472222222222223
0 0.473046875 0.5125 0.04140625 0.08888888888888889
0 0.444921875 0.5145833333333333 0.02265625 0.07083333333333333
1 0.41640625 0.5270833333333333 0.0171875 0.05138888888888889
1 0.39921875 0.525 0.0171875 0.044444444444444446
1 0.32734375 0.5618055555555556 0.034375 0.09305555555555556