2 0.431640625 0.5868055555555556 0.11484375 0.37916666666666665
2 0.546484375 0.5111111111111111 0.03984375 0.175
2 0.585546875 0.46944444444444444 0.02265625 0.08055555555555556
2 0.503125 0.4930555555555556 0.0375 0.1111111111111111
1 0.651171875 0.49930555555555556 0.02109375 0.0763888888888889
2 0.13828125 0.5659722222222222 0.0515625 0.2125
1 0.158203125 0.6006944444444444 0.10390625 0.1375
1 0.427734375 0.6875 0.09453125 0.2611111111111111
1 0.54765625 0.5756944444444444 0.0484375 0.14305555555555555
0 0.58515625 0.4847222222222222 0.06875 0.10555555555555556
0 0.730078125 0.5055555555555555 0.13984375 0.17222222222222222
0 0.895703125 0.5256944444444445 0.10390625 0.1486111111111111
2 0.89375 0.4756944444444444 0.05 0.1736111111111111