2 0.645703125 0.5222222222222223 0.02109375 0.08888888888888889
2 0.52265625 0.5131944444444444 0.0234375 0.09305555555555556
2 0.4984375 0.5229166666666667 0.0140625 0.09305555555555556
2 0.46875 0.5180555555555556 0.015625 0.09722222222222222
1 0.311328125 0.5722222222222222 0.03046875 0.125
1 0.33515625 0.55625 0.028125 0.08194444444444444
1 0.423828125 0.5333333333333333 0.02265625 0.07222222222222222
1 0.40625 0.5256944444444445 0.015625 0.05694444444444444
0 0.45234375 0.5083333333333333 0.0265625 0.07222222222222222
0 0.48125 0.5104166666666666 0.0546875 0.09305555555555556
1 0.525 0.5354166666666667 0.0375 0.07083333333333333