0 0.8546875 0.5277777777777778 0.1671875 0.19722222222222222
1 0.7015625 0.5513888888888889 0.046875 0.13055555555555556
2 0.473828125 0.4895833333333333 0.03515625 0.12083333333333333
2 0.259375 0.5402777777777777 0.0375 0.1527777777777778
1 0.641796875 0.5340277777777778 0.04765625 0.1125
2 0.13046875 0.7090277777777778 0.09375 0.5208333333333334
1 0.108203125 0.7715277777777778 0.20234375 0.37916666666666665
1 0.26640625 0.5881944444444445 0.1015625 0.11527777777777778
1 0.427734375 0.5368055555555555 0.04453125 0.10972222222222222
1 0.475 0.5951388888888889 0.0640625 0.15694444444444444
2 0.529296875 0.48055555555555557 0.02265625 0.09722222222222222
1 0.53046875 0.5444444444444444 0.0328125 0.10277777777777777
0 0.54921875 0.49236111111111114 0.06875 0.10138888888888889
1 0.790625 0.5569444444444445 0.0765625 0.18055555555555555