2 0.761328125 0.5215277777777778 0.11328125 0.3486111111111111
2 0.389453125 0.5861111111111111 0.09296875 0.3388888888888889
1 0.562890625 0.5479166666666667 0.05390625 0.11805555555555555
2 0.5640625 0.48055555555555557 0.0421875 0.13055555555555556
1 0.466796875 0.5104166666666666 0.03203125 0.07916666666666666
1 0.7546875 0.6652777777777777 0.1328125 0.4083333333333333
0 0.628515625 0.48055555555555557 0.05859375 0.08611111111111111
1 0.670703125 0.49930555555555556 0.02734375 0.10138888888888889
1 0.9375 0.5236111111111111 0.1234375 0.15
1 0.884765625 0.5152777777777777 0.10859375 0.13333333333333333
0 0.529296875 0.5027777777777778 0.06953125 0.1361111111111111
1 0.39140625 0.6576388888888889 0.1015625 0.2986111111111111
1 0.2390625 0.6576388888888889 0.09375 0.2375
2 0.258984375 0.5993055555555555 0.06640625 0.30416666666666664