2 0.19375 0.675 0.175 0.5361111111111111
2 0.61171875 0.5527777777777778 0.0921875 0.29444444444444445
1 0.519140625 0.7194444444444444 0.10546875 0.33055555555555555
2 0.540234375 0.5513888888888889 0.11484375 0.3138888888888889
1 0.158984375 0.8270833333333333 0.26171875 0.32083333333333336
1 0.2921875 0.6 0.046875 0.18611111111111112
1 0.620703125 0.5972222222222222 0.08359375 0.24722222222222223
1 0.71640625 0.5145833333333333 0.0390625 0.11527777777777778
1 0.95234375 0.5083333333333333 0.0953125 0.14444444444444443
1 0.860546875 0.5243055555555556 0.09140625 0.13194444444444445
1 0.80390625 0.5131944444444444 0.078125 0.12083333333333333