2 0.1515625 0.6791666666666667 0.2046875 0.5722222222222222
2 0.50859375 0.5534722222222223 0.0984375 0.36527777777777776
2 0.5890625 0.5465277777777777 0.0828125 0.30972222222222223
1 0.499609375 0.7083333333333334 0.10859375 0.3638888888888889
1 0.85 0.5118055555555555 0.0984375 0.10972222222222222
1 0.9390625 0.5104166666666666 0.115625 0.12638888888888888
1 0.7 0.5048611111111111 0.0328125 0.09305555555555556
1 0.798046875 0.5083333333333333 0.07734375 0.09722222222222222
1 0.1359375 0.8270833333333333 0.2625 0.3458333333333333
1 0.5953125 0.5958333333333333 0.0796875 0.25277777777777777
1 0.30546875 0.6 0.059375 0.18611111111111112