2 0.394921875 0.5819444444444445 0.13828125 0.4083333333333333
1 0.646875 0.5027777777777778 0.0234375 0.07222222222222222
0 0.715234375 0.4986111111111111 0.11953125 0.14722222222222223
2 0.940234375 0.5548611111111111 0.08046875 0.4847222222222222
1 0.9359375 0.6472222222222223 0.128125 0.39444444444444443
1 0.401953125 0.7270833333333333 0.11328125 0.29583333333333334
1 0.539453125 0.5770833333333333 0.05703125 0.1597222222222222
1 0.57578125 0.5180555555555556 0.0375 0.12222222222222222
2 0.541796875 0.5118055555555555 0.04140625 0.18472222222222223
0 0.580078125 0.48680555555555555 0.06484375 0.10694444444444444
1 0.174609375 0.5958333333333333 0.09453125 0.1361111111111111
2 0.15859375 0.5479166666666667 0.0546875 0.1763888888888889