0 0.8015625 0.6326388888888889 0.396875 0.6097222222222223
1 0.066015625 0.7618055555555555 0.13203125 0.4652777777777778
1 0.322265625 0.5666666666666667 0.03515625 0.1111111111111111
1 0.3484375 0.5451388888888888 0.0234375 0.07361111111111111
2 0.508984375 0.5173611111111112 0.02109375 0.09583333333333334
1 0.50859375 0.5326388888888889 0.0375 0.06805555555555555
2 0.47109375 0.5152777777777777 0.01875 0.08611111111111111
0 0.474609375 0.5125 0.04296875 0.09166666666666666
0 0.44609375 0.5118055555555555 0.0296875 0.06805555555555555
1 0.41484375 0.5270833333333333 0.025 0.059722222222222225
1 0.4 0.5208333333333334 0.01875 0.05277777777777778