1 0.8640625 0.6944444444444444 0.1203125 0.30833333333333335
0 0.646484375 0.4895833333333333 0.06796875 0.09861111111111111
2 0.45078125 0.5673611111111111 0.0703125 0.2847222222222222
2 0.892578125 0.5166666666666667 0.11171875 0.3638888888888889
1 0.730859375 0.5020833333333333 0.03046875 0.11527777777777778
1 0.569140625 0.5409722222222222 0.04609375 0.11527777777777778
0 0.548828125 0.49236111111111114 0.08828125 0.12916666666666668
1 0.196484375 0.6965277777777777 0.10859375 0.2569444444444444
1 0.4484375 0.6236111111111111 0.0796875 0.2388888888888889
1 0.68984375 0.5118055555555555 0.0375 0.13194444444444445
1 0.380078125 0.5381944444444444 0.06640625 0.10416666666666667
2 0.226953125 0.625 0.06328125 0.35
1 0.08203125 0.6680555555555555 0.065625 0.18055555555555555