2 0.352734375 0.5868055555555556 0.15390625 0.41805555555555557
2 0.575 0.4875 0.034375 0.1361111111111111
1 0.57421875 0.5333333333333333 0.0375 0.09444444444444444
0 0.693359375 0.5 0.10234375 0.1361111111111111
1 0.5234375 0.5847222222222223 0.0453125 0.14722222222222223
2 0.518359375 0.49166666666666664 0.04140625 0.1388888888888889
1 0.1875 0.6013888888888889 0.09375 0.1111111111111111
1 0.858984375 0.6125 0.11484375 0.26666666666666666
2 0.839453125 0.5194444444444445 0.05390625 0.3333333333333333
1 0.365234375 0.7097222222222223 0.15703125 0.41944444444444445
2 0.0640625 0.70625 0.1234375 0.5291666666666667
2 0.168359375 0.5381944444444444 0.04453125 0.1375
2 0.93203125 0.4618055555555556 0.0546875 0.15416666666666667