0 0.859765625 0.5722222222222222 0.28046875 0.3416666666666667
2 0.344140625 0.5444444444444444 0.03359375 0.13333333333333333
0 0.467578125 0.5006944444444444 0.09296875 0.1375
1 0.208984375 0.6652777777777777 0.09296875 0.23333333333333334
1 0.687890625 0.5333333333333333 0.04609375 0.125
1 0.35234375 0.5625 0.071875 0.08055555555555556
2 0.413671875 0.51875 0.03203125 0.10972222222222222
1 0.410546875 0.5555555555555556 0.03515625 0.09166666666666666
2 0.21171875 0.5916666666666667 0.0578125 0.225
1 0.5625 0.5347222222222222 0.059375 0.13055555555555556
0 0.609765625 0.4791666666666667 0.03671875 0.03888888888888889