2 0.828515625 0.5111111111111111 0.13203125 0.3416666666666667
1 0.714453125 0.5013888888888889 0.02109375 0.08888888888888889
0 0.6390625 0.47847222222222224 0.053125 0.09583333333333334
1 0.800390625 0.7083333333333334 0.11171875 0.28055555555555556
2 0.426953125 0.5604166666666667 0.07734375 0.28194444444444444
1 0.565625 0.5493055555555556 0.05625 0.12083333333333333
1 0.68125 0.5041666666666667 0.03125 0.11666666666666667
0 0.542578125 0.49583333333333335 0.08671875 0.1388888888888889
1 0.425 0.6395833333333333 0.0875 0.2708333333333333
1 0.2203125 0.6666666666666666 0.0921875 0.2611111111111111
2 0.2421875 0.6125 0.065625 0.3333333333333333
1 0.10703125 0.6611111111111111 0.0625 0.18888888888888888
1 0.35 0.5416666666666666 0.0734375 0.10833333333333334
1 0.94609375 0.5354166666666667 0.10625 0.15694444444444444