0 0.784765625 0.5152777777777777 0.18671875 0.2222222222222222
1 0.5609375 0.5694444444444444 0.05625 0.12222222222222222
2 0.470703125 0.5465277777777777 0.08828125 0.2875
1 0.656640625 0.5152777777777777 0.02421875 0.08611111111111111
1 0.60078125 0.5270833333333333 0.03125 0.07916666666666666
1 0.123046875 0.6180555555555556 0.10546875 0.14444444444444443
2 0.1046875 0.5673611111111111 0.05625 0.21805555555555556
1 0.4703125 0.6277777777777778 0.075 0.24166666666666667
2 0.59765625 0.475 0.0171875 0.10277777777777777
2 0.55703125 0.49375 0.03125 0.14305555555555555
2 0.52578125 0.4798611111111111 0.01875 0.09305555555555556