1 0.27109375 0.6631944444444444 0.1109375 0.36527777777777776
1 0.409765625 0.5076388888888889 0.02265625 0.06527777777777778
1 0.56875 0.5381944444444444 0.0390625 0.10138888888888889
1 0.7 0.5631944444444444 0.05625 0.14305555555555555
2 0.695703125 0.5076388888888889 0.02578125 0.16527777777777777
1 0.541015625 0.5131944444444444 0.02421875 0.07083333333333333
2 0.5671875 0.49027777777777776 0.034375 0.10555555555555556
1 0.603125 0.5055555555555555 0.0328125 0.06666666666666667
1 0.50390625 0.4965277777777778 0.021875 0.05694444444444444
0 0.43671875 0.4798611111111111 0.028125 0.0375
2 0.269140625 0.55 0.09296875 0.31666666666666665