2 0.083203125 0.6006944444444444 0.12109375 0.5097222222222222
1 0.50625 0.46597222222222223 0.0265625 0.08194444444444444
1 0.38515625 0.45208333333333334 0.0265625 0.06527777777777778
1 0.108203125 0.7208333333333333 0.21328125 0.4388888888888889
0 0.3421875 0.4444444444444444 0.046875 0.06111111111111111
1 0.6015625 0.46111111111111114 0.0328125 0.08611111111111111
1 0.55234375 0.45208333333333334 0.03125 0.07083333333333333
1 0.952734375 0.5201388888888889 0.06171875 0.19583333333333333
1 0.818359375 0.4791666666666667 0.09453125 0.14166666666666666
1 0.769140625 0.4888888888888889 0.09921875 0.125
1 0.71484375 0.4701388888888889 0.065625 0.12916666666666668
1 0.6421875 0.4597222222222222 0.0453125 0.075