0 0.22421875 0.5020833333333333 0.1703125 0.29583333333333334
2 0.941796875 0.5194444444444445 0.11640625 0.6
0 0.436328125 0.48125 0.21953125 0.32916666666666666
0 0.280859375 0.45625 0.11484375 0.24583333333333332
2 0.134765625 0.37916666666666665 0.06640625 0.175
2 0.767578125 0.39861111111111114 0.05703125 0.14722222222222223
1 0.730078125 0.5951388888888889 0.15546875 0.32916666666666666
0 0.096875 0.5861111111111111 0.19375 0.625
2 0.68671875 0.5055555555555555 0.071875 0.46944444444444444
1 0.91953125 0.6798611111111111 0.1609375 0.40694444444444444
1 0.84609375 0.4826388888888889 0.0703125 0.24027777777777778