2 0.84140625 0.6347222222222222 0.096875 0.6138888888888889
2 0.2109375 0.5694444444444444 0.071875 0.225
2 0.2609375 0.5236111111111111 0.0515625 0.175
2 0.40078125 0.5381944444444444 0.040625 0.1125
2 0.396875 0.49027777777777776 0.0265625 0.10555555555555556
2 0.359375 0.4701388888888889 0.0296875 0.10138888888888889
2 0.56015625 0.49583333333333335 0.053125 0.175
2 0.597265625 0.4791666666666667 0.03359375 0.1111111111111111
2 0.51796875 0.48333333333333334 0.034375 0.09444444444444444
2 0.726953125 0.46319444444444446 0.01796875 0.04583333333333333
1 0.210546875 0.6402777777777777 0.09765625 0.25277777777777777
1 0.270703125 0.5881944444444445 0.07578125 0.17916666666666667
1 0.401171875 0.5180555555555556 0.07421875 0.07222222222222222
1 0.5625 0.5944444444444444 0.05625 0.2111111111111111
1 0.5203125 0.5395833333333333 0.034375 0.09861111111111111
1 0.594921875 0.525 0.03515625 0.11388888888888889
1 0.7265625 0.49930555555555556 0.0265625 0.07361111111111111
0 0.79375 0.4583333333333333 0.0453125 0.05555555555555555