0 0.807421875 0.475 0.15234375 0.24166666666666667
0 0.315234375 0.5354166666666667 0.23515625 0.35694444444444445
1 0.509375 0.48819444444444443 0.053125 0.13472222222222222
2 0.4375 0.5263888888888889 0.0390625 0.28055555555555556
2 0.9453125 0.4465277777777778 0.065625 0.2708333333333333
3 0.946484375 0.6638888888888889 0.10703125 0.37222222222222223
2 0.71796875 0.4701388888888889 0.0484375 0.23194444444444445
1 0.727734375 0.5444444444444444 0.06328125 0.19722222222222222
1 0.634765625 0.4722222222222222 0.03984375 0.11666666666666667
1 0.5765625 0.5444444444444444 0.078125 0.225
2 0.55546875 0.5118055555555555 0.0640625 0.2902777777777778