0 0.059375 0.5951388888888889 0.11875 0.35138888888888886
0 0.151953125 0.5576388888888889 0.18984375 0.3013888888888889
0 0.523046875 0.4979166666666667 0.07578125 0.1486111111111111
0 0.47890625 0.49375 0.034375 0.0763888888888889
0 0.420703125 0.4979166666666667 0.05390625 0.0875
1 0.566015625 0.5 0.02109375 0.06388888888888888
1 0.388671875 0.5486111111111112 0.03359375 0.11666666666666667
1 0.338671875 0.6131944444444445 0.07421875 0.23194444444444445
2 0.337890625 0.525 0.05859375 0.23333333333333334
2 0.391796875 0.5090277777777777 0.03515625 0.10972222222222222
2 0.9265625 0.5604166666666667 0.0484375 0.23472222222222222