1 0.675390625 0.5284722222222222 0.03515625 0.09305555555555556
2 0.673046875 0.49236111111111114 0.02109375 0.09583333333333334
2 0.580859375 0.48680555555555555 0.01484375 0.0763888888888889
0 0.532421875 0.48819444444444443 0.04609375 0.10138888888888889
1 0.5484375 0.5118055555555555 0.025 0.0875
2 0.551171875 0.4777777777777778 0.01953125 0.075
2 0.490625 0.4895833333333333 0.0265625 0.09861111111111111
2 0.45234375 0.49444444444444446 0.05625 0.18055555555555555
1 0.50703125 0.5305555555555556 0.03125 0.09722222222222222
1 0.489453125 0.5569444444444445 0.02734375 0.10277777777777777
1 0.4515625 0.5972222222222222 0.0578125 0.2222222222222222