1 0.85 0.5916666666666667 0.0921875 0.19722222222222222
2 0.840625 0.5368055555555555 0.046875 0.23194444444444445
2 0.58125 0.4909722222222222 0.0140625 0.09305555555555556
2 0.5484375 0.48055555555555557 0.025 0.08611111111111111
0 0.528125 0.4895833333333333 0.053125 0.1125
1 0.548046875 0.5236111111111111 0.02578125 0.09166666666666666
1 0.505859375 0.5333333333333333 0.03046875 0.09166666666666666
1 0.455859375 0.5965277777777778 0.06640625 0.22083333333333333
1 0.489453125 0.5541666666666667 0.03203125 0.11388888888888889
2 0.4546875 0.5097222222222222 0.0578125 0.20277777777777778
2 0.4921875 0.4895833333333333 0.028125 0.10694444444444444