1 0.4453125 0.6111111111111112 0.05625 0.18333333333333332
1 0.483203125 0.5541666666666667 0.02734375 0.08888888888888889
1 0.5046875 0.5305555555555556 0.0328125 0.08055555555555556
1 0.546484375 0.5152777777777777 0.02734375 0.075
1 0.640234375 0.5118055555555555 0.02578125 0.06527777777777778
2 0.63828125 0.48194444444444445 0.01875 0.075
2 0.576171875 0.4875 0.01640625 0.06944444444444445
2 0.545703125 0.47847222222222224 0.01953125 0.06805555555555555
2 0.48671875 0.48819444444444443 0.021875 0.1125
2 0.44921875 0.5055555555555555 0.0515625 0.20277777777777778
2 0.505078125 0.47708333333333336 0.02421875 0.07916666666666666
0 0.528515625 0.4895833333333333 0.04140625 0.09861111111111111