1 0.61875 0.5055555555555555 0.0234375 0.06944444444444445
2 0.54140625 0.4798611111111111 0.0234375 0.07361111111111111
1 0.540234375 0.51875 0.02265625 0.07083333333333333
2 0.572265625 0.48194444444444445 0.01171875 0.06666666666666667
2 0.502734375 0.48819444444444443 0.02734375 0.10138888888888889
2 0.47890625 0.49583333333333335 0.0265625 0.1
2 0.440625 0.5145833333333333 0.059375 0.19583333333333333
1 0.437890625 0.6125 0.06328125 0.19166666666666668
1 0.47578125 0.5493055555555556 0.0296875 0.09861111111111111
1 0.501953125 0.5326388888888889 0.03203125 0.09027777777777778
0 0.525 0.4930555555555556 0.0484375 0.09722222222222222