2 0.1125 0.6208333333333333 0.128125 0.49444444444444446
2 0.458203125 0.4388888888888889 0.03671875 0.10833333333333334
0 0.86875 0.4798611111111111 0.2625 0.30416666666666664
1 0.504296875 0.4798611111111111 0.03359375 0.07361111111111111
1 0.457421875 0.5180555555555556 0.05390625 0.12222222222222222
2 0.715625 0.4222222222222222 0.0328125 0.09722222222222222
2 0.61328125 0.4708333333333333 0.0375 0.1638888888888889
2 0.5796875 0.4986111111111111 0.0265625 0.2
1 0.586328125 0.5222222222222223 0.10234375 0.13333333333333333
1 0.242578125 0.48541666666666666 0.04453125 0.13194444444444445
1 0.337109375 0.5118055555555555 0.02890625 0.1125
0 0.39296875 0.4638888888888889 0.0609375 0.09166666666666666
2 0.1453125 0.45416666666666666 0.0390625 0.19444444444444445
1 0.6515625 0.48194444444444445 0.034375 0.11944444444444445