1 0.730078125 0.5472222222222223 0.05078125 0.1361111111111111
2 0.72421875 0.5069444444444444 0.0328125 0.14166666666666666
2 0.58125 0.4875 0.0140625 0.08888888888888889
0 0.53125 0.48541666666666666 0.04375 0.10416666666666667
2 0.507421875 0.48125 0.02578125 0.10694444444444444
2 0.49296875 0.4888888888888889 0.0265625 0.09444444444444444
1 0.50859375 0.5347222222222222 0.028125 0.09444444444444444
1 0.489453125 0.5611111111111111 0.03203125 0.10277777777777777
1 0.45390625 0.6 0.0546875 0.21388888888888888
2 0.455859375 0.49583333333333335 0.04765625 0.20277777777777778
1 0.549609375 0.51875 0.02734375 0.0875
2 0.55234375 0.4791666666666667 0.021875 0.09444444444444444