person 554.9839966575164 276.47746241871437 686.667498854782 488.92892993275245
person 666.7868041992188 291.1243271827698 793.9950561523438 503.45561027526855
person 1.9956684112548828 277.54486083984375 285.042724609375 707.7471542358398
motorcycle 367.1618523479772 379.4408901013322 442.29841851008655 478.65112378968666
motorcycle 971.9168090820312 330.32734394073486 1025.9983825683594 401.1132001876831
motorcycle 1006.9944000244141 329.30640935897827 1138.8833922261483 406.96629524230957
motorcycle 1139.2932891845703 318.0576753616333 1270.0494699646642 412.04657077789307
motorcycle 859.3639575971731 322.88630653266335 908.2120141342756 389.8209798994975
person 859.3639575971731 322.88630653266335 908.2120141342756 389.8209798994975
motorcycle 536.4240282685512 352.7355527638191 704.678445229682 648.5144472361809
motorcycle 691.1095406360424 343.69032663316585 794.2332155477031 518.2631909547739
motorcycle 0 422.38379396984925 311.18021201413427 698.2631909547739