person 417.7867310325164 272.28945209752374 594.5123474875945 566.6239972330218
motorcycle 813.556813593888 336.47655584105297 843.3148091993568 388.3574090171699
car 839.3325833162233 306.9411237515397 992.6248196443483 412.7087362088151
person 1152.452296819788 225.19786432160805 1255.5759717314488 574.3435929648242
motorcycle 1116.268551236749 324.695351758794 1280 608.7154522613066
motorcycle 442.3462897526502 417.86118090452266 587.0812720848057 630.4239949748744
motorcycle 654.9257950530035 358.16268844221105 727.2932862190812 473.94158291457285
motorcycle 713.7243816254417 329.2179648241206 761.6678445229682 417.8611809045226
person 667.5901060070671 302.98680904522615 720.0565371024735 435.9516331658292
car 701.0600706713781 312.0320351758794 784.2826855123675 389.8209798994975
motorcycle 163.73144876325088 380.77575376884425 284.0424028268551 478.4641959798995
person 168.25441696113074 331.9315326633166 238.81272084805653 458.56469849246236