person 136.6269016265869 293.8549876213074 360.0060272216797 679.9302864074707
person 724.7903442382812 292.7997851371765 842.7377319335938 504.33923721313477
motorcycle 597.6925277709961 399.7581481933594 732.0382690429688 637.1260929107666
person 618.2622146606445 284.0638518333435 765.9587097167969 510.9150695800781
motorcycle 36.42436981201172 480.9647083282471 371.0572052001953 711.5438747406006
motorcycle 344.5363826145132 365.8426601563268 404.3533568904594 499.2964824120603
motorcycle 741.7667844522969 341.8812814070352 848.5088339222615 519.1677135678392
motorcycle 892.8339222614841 329.2179648241206 942.5865724381625 412.43404522613065
motorcycle 1158.7844522968198 314.7456030150754 1280 418.76570351758795
motorcycle 1043.9010600706713 330.12248743718595 1160.5936395759716 425.09736180904525
motorcycle 979.6749116607774 326.50439698492465 1079.1802120141342 413.338567839196