person 479.6784973144531 286.86633110046387 626.7819213867188 559.0720081329346
person 674.5832691529614 305.64366824662864 725.7795582154614 431.92052371537864
person 735.3015212743105 309.578895113576 764.1050796239199 367.9018779016619
person 620.4883207718811 315.9048680923692 668.4634794632874 395.47231956942
motorcycle 820.7391357421875 332.1168279647827 847.8007507324219 387.8611993789673
person 144.73498233215548 331.02701005025125 210.77031802120143 484.7958542713568
motorcycle 136.59363957597174 383.4893216080402 269.56890459363956 482.98680904522615
motorcycle 487.57597173144876 401.57977386934675 608.791519434629 589.7204773869347
motorcycle 670.303886925795 363.58982412060305 732.7208480565371 466.7054020100503
car 705.583038869258 311.1275125628141 793.3286219081272 387.10741206030156
car 845.7950530035336 302.0822864321608 1024.904593639576 426.00188442211055
car 1080.0848056537102 325.5998743718593 1213.060070671378 432.33354271356785
person 1112.6501766784452 280.37374371859295 1176.8763250883392 405.197864321608