person 976.7829184919701 245.6966321072986 1145.301442661892 491.4461152158192
motorcycle 901.9438934326172 329.18107509613037 928.8280487060547 393.81767749786377
car 784.9661489426037 310.0471463754549 852.92910060276 379.22243266848466
motorcycle 953.1205749511719 409.46306705474854 1096.7860412597656 611.1487913131714
person 497.6929584678407 302.3596893842496 596.1272084805653 505.6281407035176
motorcycle 688.3484913856317 352.0279393363838 760.3620411903192 439.6094021964912
motorcycle 852.1272084805654 321.981783919598 892.8339222614841 405.19786432160805
car 639.547703180212 307.50942211055275 750.8127208480565 407.911432160804
motorcycle 488.48056537102474 363.58982412060305 600.6501766784452 558.0621859296483
motorcycle 223.434628975265 386.2028894472362 341.0318021201413 574.3435929648242
person 268.6643109540636 321.981783919598 352.791519434629 561.6802763819096
motorcycle 97.69611307420494 408.81595477386935 177.30035335689047 544.4943467336684
motorcycle 401.63957597173146 351.8310301507538 495.7173144876325 429.6199748743719
motorcycle 1143.4063604240282 329.2179648241206 1279.095406360424 442.28329145728645