person 63.04364204406738 283.76829385757446 325.10009765625 695.2657413482666
person 588.0426590720672 267.08654283878195 714.909915236618 530.7174766003786
person 701.5607452392578 282.05273151397705 807.9428863525391 505.2819585800171
motorcycle 570.4435493280525 379.29393955211543 709.4570686151619 641.7601508710852
motorcycle 1025.9792619577145 329.0573031459023 1151.547703180212 408.61145086623924
motorcycle 1128.0104064941406 322.0710754394531 1276.381625441696 413.0925464630127
motorcycle 875.4331207275391 330.04236459732056 917.7428436279297 397.7353763580322
motorcycle 972.1640777587891 331.0033679008484 1071.9434628975264 401.00719928741455
motorcycle 6.395816802978516 471.47603988647467 342.3756408691406 720.7674980163575
motorcycle 711.0106007067137 338.2631909547739 813.2296819787986 520.9767587939699
motorcycle 353.69611307420496 365.3988693467337 429.68197879858656 499.26821608040206