motorcycle 1029.2736053466797 389.647421836853 1183.8501739501953 611.8310594558716
car 784.4367980957031 317.13578939437866 871.3688659667969 388.2019901275635
person 532.4742126464844 306.26962423324585 622.8766632080078 511.88907623291016
person 1071.303639927517 241.07401593845694 1214.6048789411889 503.83205159824695
motorcycle 916.260155128506 320.8609138421677 955.3582081070216 403.5271106652878
motorcycle 699.6662114551126 348.90318222381364 758.9716313769876 431.7962939295937
car 646.377410673 308.16344171313193 759.8586572438163 401.00244193819907
motorcycle 182.78203964233398 409.670090675354 321.28639221191406 594.9529695510864
motorcycle 523.7597173144876 363.58982412060305 625.9787985865725 535.4491206030151
motorcycle 859.3639575971731 321.07726130653265 907.3074204946996 416.9566582914573
motorcycle 444.1554770318021 350.92650753768845 529.1872791519435 425.09736180904525
person 250.57243816254416 324.695351758794 331.0812720848056 576.1526381909548
motorcycle 63.32155477031802 416.05213567839195 147.4487632508834 546.303391959799