person 353.0605697631836 272.971715927124 550.1889419555664 573.4673366834171
person 714.5107007245714 302.1309462863597 758.3916211347276 400.56954062763776
motorcycle 711.6607244646591 350.75631358515676 759.7343786394638 418.4936998118108
car 822.3370361328125 311.2865352630615 953.138427734375 409.8647117614746
motorcycle 641.4419999409059 368.67258281563994 699.4719376850466 474.0880105004239
person 637.2700934797631 304.362755636474 690.5748038679467 404.0753563444818
motorcycle 180.91872791519435 393.8024343557693 300.14212526786457 473.31186428740995
motorcycle 1026.4336395263672 345.5964946746826 1173.8384246826172 537.2395992279053
person 1040.2826855123674 254.1425879396985 1109.0318021201413 494.7456030150754
motorcycle 367.2650176678445 360.87625628140705 568.9893992932862 662.9868090452262
person 3.618374558303887 318.3636934673367 161.92226148409893 699.1677135678392
person 187.25088339222614 338.2631909547739 244.24028268551237 437.76067839195986
person 1158.7844522968198 277.660175879397 1228.4381625441697 388.9164572864322