person 124.32094367738326 255.76959080432528 426.8554476141508 659.9516243431436
person 536.7084121704102 327.271728515625 587.2185897827148 413.13194274902344
person 598.8423156738281 307.5898504257202 686.0458374023438 485.9202718734741
motorcycle 705.583038869258 346.61723613739014 749.4976806640625 427.56261348724365
motorcycle 926.6281127929688 322.0100502512563 986.0070671378091 461.0758066177368
car 809.6113074204947 317.45917085427135 919.9717314487632 394.3435929648241
motorcycle 978.7703180212014 325.5998743718593 1024 426.9064070351759
motorcycle 1149.73851590106 312.0320351758794 1280 464.8963567839196
person 937.1590106007067 274.0420854271357 984.1978798586572 381.6802763819096
motorcycle 591.6042402826855 354.54459798994975 690.2049469964664 503.79082914572865
car 679.3498233215547 310.22298994974875 777.9505300353356 394.3435929648241
motorcycle 148.35335689045937 387.1074120603015 469.48409893992937 696.4541457286432
motorcycle 69.65371024734982 416.9566582914573 149.25795053003532 689.2179648241206