person 195.88692630727382 286.77205859716213 408.69862522084804 641.5938073306827
motorcycle 647.10693359375 405.6396961212158 789.5130920410156 633.131275177002
motorcycle 468.57950530035333 348.93486075664885 546.4719930857734 402.51329474712736
person 677.3065658946762 262.29285715812415 795.5670639415512 511.6368651270268
car 595.5776596069336 309.3467336683417 696.5371024734982 420.6030150753769
person 729.2214965820312 285.6049633026123 833.089599609375 507.0021343231201
motorcycle 761.9545745849609 340.1005025125628 865.3337860107422 501.6332960128784
motorcycle 925.6460755149383 331.4269394371378 985.1024734982332 425.1256281407035
motorcycle 158.30388692579504 401.57977386934675 413.39929328621906 689.2179648241206
motorcycle 1170.5441696113073 322.88630653266335 1280 422.3837939698493
motorcycle 1058.374558303887 321.07726130653265 1189.5406360424029 416.9566582914573
motorcycle 991.434628975265 326.50439698492465 1108.1272084805653 403.3888190954774