person 398.60363006591797 308.69556427001953 518.8112258911133 546.4669990539551
person 830.9703063964844 257.09750175476074 1001.4701843261719 513.2791900634766
motorcycle 1041.545991338184 330.7580915048494 1135.9682935842777 418.0983701303377
car 760.2998404890404 314.1125299822745 830.6806998640404 373.6937262904105
car 614.2190812720848 304.8898573137408 708.2536290576518 416.08040201005025
motorcycle 826.4490509033203 355.7392144203186 987.4257659912109 631.356783919598
motorcycle 688.131616653065 353.91340352782055 741.6112309108775 439.9226412940864
person 693.305169526764 301.4372156493029 738.6451353470765 392.9700444571337
motorcycle 386.7230987548828 412.24453926086426 529.2974853515625 609.647912979126
motorcycle 275.90106007067135 388.01193467336685 369.0742049469964 542.6853015075377
person 310.2756183745583 324.695351758794 377.21554770318016 502.88630653266335