person 902.2505477527848 250.7829688422045 1047.364378319191 501.7638324133716
person 439.1111755371094 300.3913164138794 558.4686279296875 544.650092124939
motorcycle 686.3363385419542 352.75912180617826 755.1878094892198 437.0065988607742
person 695.6479646932108 299.4010021458918 749.0035335689046 393.0444290410334
motorcycle 577.8088971734468 339.67198438979875 618.633176958603 396.13844938613664
motorcycle 881.9787985865725 332.8360552763819 1051.1378091872791 626.805904522613
car 767.095406360424 315.6501256281407 842.1766784452296 377.1576633165829
motorcycle 841.2720848056537 323.79082914572865 876.5512367491166 396.1526381909548
motorcycle 1121.696113074205 323.79082914572865 1279.095406360424 431.4290201005025
motorcycle 1063.8021201413428 323.79082914572865 1202.2049469964666 419.6702261306533
car 633.2155477031802 313.84108040201005 722.7703180212013 411.5295226130653
motorcycle 436.9187279151943 366.303391959799 566.2756183745582 581.5797738693468
motorcycle 246.95406360424028 388.91645728643215 366.36042402826854 559.8712311557789
person 289.46996466431096 322.88630653266335 374.5017667844523 541.7807788944724