car 987.6693725585938 309.14467334747314 1201.2295532226562 451.4156484603882
motorcycle 868.7104034423828 350.8220386505127 928.6634063720703 444.4752502441406
person 584.372246543426 309.1899574461894 629.4578864970392 396.9857395354228
person 308.37221764338733 334.4636935684549 356.9769158245397 444.4279760811197
motorcycle 791.6932623226314 344.0979482181109 852.1272084805654 425.5099870212115
person 107.04048852280256 323.2458034112826 227.0530035335689 698.2914572864322
motorcycle 9.950530035335689 419.6702261306533 268.66431095406364 692.836055276382
motorcycle 276.8056537102473 382.5847989949749 406.1625441696113 465.80087939698495
motorcycle 519.2367491166077 347.30841708542715 576.2261484098939 426.9064070351759
motorcycle 567.1802120141342 372.6350502512563 649.4982332155477 485.70037688442216
person 663.0671378091872 311.1275125628141 692.9187279151943 381.6802763819096
motorcycle 658.5441696113074 355.4491206030151 700.1554770318021 429.6199748743719
car 659.4487632508834 318.3636934673367 747.1943462897527 391.63002512562815
motorcycle 963.3922261484099 336.45414572864325 1061.9929328621909 466.7054020100503