car 885.866328316948 291.9644982371498 1124.085780221245 451.6749817881752
motorcycle 682.6410438348885 366.4593721993605 754.2827369501229 454.981711066548
person 546.0976554681893 290.00502459367914 659.4487632508834 497.48743718592965
motorcycle 825.5510711669922 340.4800844192505 856.3013458251953 402.41276264190674
motorcycle 749.019970034542 351.8950285743829 789.2944756497764 408.9813628028985
motorcycle 90.45936395759718 393.4390703517588 225.24381625441697 497.45917085427135
person 98.60070671378092 330.12248743718595 170.0636042402827 487.5094221105528
motorcycle 554.5159010600706 365.3988693467337 650.4028268551236 539.9717336683418
person 754.4310954063604 305.7003768844221 776.1413427561838 379.8712311557789
person 693.8233215547704 304.7958542713568 733.6254416961131 407.91143216080405
person 661.2579505300354 312.0320351758794 685.6819787985866 379.8712311557789