car 178.92562866210938 255.3910803794861 396.06929779052734 468.4434700012207
person 1131.9244384765625 158.38179519595448 1280 590.0251779303087
car 418.06201934814453 228.20903778076172 699.0899658203125 465.05727767944336
car 286.26773834228516 240.05476713180545 433.8816452026367 417.2431468963623
person 130.57122230529785 210.70137977600098 215.31982421875 336.9136905670166
person 946.8163299560547 234.43167686462402 1019.6277618408203 340.6911849975586
motorcycle 835.5229187011719 310.5949115753174 1034.7398376464844 547.7073383331299
car 0 197.28368282318115 248.74335289001465 647.425389289856
person 833.319118692253 195.4456384323641 925.2025586353944 533.1447534766119
motorcycle 1074.3994314143567 343.814791403287 1280 636.9121365360304
motorcycle 1038.9196872778962 261.89317319848294 1128.0739161336176 434.83881163084703