person 29.964213371276855 249.637098312378 184.3756103515625 616.2326169405816
motorcycle 631.9209852401633 306.3013015082754 665.9275053304904 365.0063211125158
motorcycle 476.9783040895984 302.63820942976383 510.02235621362183 349.8947411451569
motorcycle 2.701282501220703 361.2056636810303 275.2989387512207 677.3314189910889
car 408.4719260838664 298.302781289507 468.5145700071073 342.90455120101143
motorcycle 749.6233120113717 301.03350189633375 791.4712153518124 363.8400758533502
motorcycle 687.7611940298507 300.12326169405816 727.7896233120113 351.0967130214918
motorcycle 1180.8386638237384 304.67446270543616 1259.0760483297797 445.76169405815426
motorcycle 987.0646766169154 294.6618204804046 1108.0597014925374 396.6087231352718
motorcycle 921.5636105188344 307.405183312263 1048.9267945984363 397.51896333754746
motorcycle 873.3475479744136 292.84134007585334 957.9530916844349 385.6858407079646
motorcycle 793.2906894100923 304.67446270543616 851.5138592750533 358.3786346396966