car 936.1194029850747 255.50950527191168 1131.8932342529297 429.15953636169445
car 253.9663837001776 257.8939189621531 554.0729663417792 514.9436988541208
motorcycle 618.2394027709961 303.27462673187256 686.6193389892578 400.5645704269409
person 535.8351101634684 278.27749683944376 585.8706467661691 480.35082174462707
person 1168.1023454157782 224.5733249051833 1252.7078891257995 419.3647281921618
other vehicles 1143.5394456289978 344.7250316055626 1280 612.3356510745891
person 888.8130774697938 255.52149178255374 950.6751954513148 422.0954487989886
motorcycle 891.542288557214 321.96902654867256 972.5088841506753 463.0562579013906
motorcycle 787.8322672352523 298.302781289507 838.7775408670931 382.04487989886223
motorcycle 688.6709310589907 311.956384323641 788.7420042643923 473.9791403286979
person 670.4761904761905 264.62389380530976 752.3525230987917 473.06890012642225