person 62.82573152960999 269.2800256545866 226.52452025586354 625.3350189633376
person 563.6604269498108 277.0170430407663 610.2907522671936 355.66432516433196
car 944.0377807617188 236.73250296625272 1280 455.2993641189017
motorcycle 624.9813501972125 319.2658756867372 667.8562967914507 372.55902992639176
motorcycle 551.9380729962683 329.48546986212176 620.2944725324011 417.0100913487856
person 895.0428410294891 269.8464568737334 937.4149723771453 339.3413337353057
person 761.2465828229282 280.7644024901987 809.6439522076938 398.685208596713
person 725.9701492537313 287.37989886219975 759.6304193319118 431.1978508217446
motorcycle 685.9417199715707 328.3407079646018 816.9438521677328 424.82616940581545
motorcycle 282.92821606254444 302.853982300885 339.33191186922534 397.51896333754746
motorcycle 413.9303482587065 328.3407079646018 450.31982942430704 409.3520859671302
car 464.8756218905473 301.03350189633375 542.2032693674485 367.4810366624526
person 161.0234541577825 257.34197218710494 211.9687277896233 397.51896333754746
motorcycle 812.3951670220326 304.67446270543616 856.0625444207533 390.23704171934264